0  1.2851995731655e-05 4.57358942018609e-06 1.42176250232418e-05 1.72011784086122e-06 -3.71474457865682e-06 -6.293645380057e-06 0.999999999971816
0  -0.0448444094002671  -0.0136066691899041 -0.00759445063990385 -0.00470132445002207 -0.0242543402390142 -0.0383781647101846 0.998957827438908
0  -0.100697084039407 -0.0123563484635141  0.0115817345354268 -0.0228996378431379 -0.0372259283597535 -0.0487578886036306 0.997853949805944
0  -0.144262433113893 -0.0108021932960477  0.0412178914501187 -0.0433497716298761 -0.0215497779315203 -0.0515238219857812 0.997497719365171
0  -0.185399851332918 -0.0113241575963572  0.0648694403910405 -0.0460000625025527 -0.0522606274730763 -0.0557847508571751 0.99601249120565
0  -0.227107275977971 -0.0132197133654663   0.088126640420419 -0.0531490900614156 -0.066997886486036 -0.0470801236081634 0.995223552471046
0  -0.272154604574641 -0.0251265516230159   0.119080173477885 -0.0433719066596641 -0.0704545561271447 -0.0483172293592409 0.995399657715774
0  -0.311936383650873 -0.0417600476165496   0.146667661323817 -0.040393608951051 -0.0790122533853834 -0.0309786066727045 0.995573074213787
0  -0.354914010241667 -0.0575449577811935   0.174260654963569 -0.0404776083473344 -0.0867612987520576 -0.0464807127424712 0.994320664375577
0  -0.390874853362272 -0.0687700133579909   0.194892552784772 -0.0374441869824294 -0.104240260504456 -0.0425204457231561 0.992937013433729
0  -0.438230508509696 -0.0814621547407178   0.223488017621916 -0.0380351098832846 -0.0961484914999271 -0.048015507900465 0.993480401920197
0   -0.48975682232915 -0.0956051319701963   0.250842430789789 -0.0354669697545791 -0.0878950604065769 -0.032451457516202 0.994969072543276
0 -0.540761068369189 -0.113059728159825  0.278592809818381 -0.0451841468342093 -0.0738258738291225 -0.0459200166958731 0.995188165773128
0 -0.591260432981295 -0.129297432286645  0.308694161579364 -0.0489795233631784 -0.0865004225487555 -0.0540165922843965 0.993579836222527
0 -0.637709247782226 -0.141931720921562  0.344534990218908 -0.0475306590800531 -0.0841891832720938 -0.06298861037355 0.993320418007504
0 -0.670249247515743 -0.153565796777297  0.377162911336174 -0.0449204758941499 -0.0787588806950115 -0.0567783127541092 0.99426123969403
0 -0.697980599912087 -0.170684266882009  0.413111342621827 -0.0354404386229403 -0.0661393515981631 -0.0444875574482637 0.99618794346884
0 -0.726868184925582 -0.193824676492577  0.457952545846246 -0.0335515263248047 -0.044106751503147 -0.0314457770643209 0.997967961739222
0 -0.754132382555479 -0.215267926292181  0.507455310097498 -0.0442454642376112 -0.034098660875263 -0.0209107077278281 0.998219596343026
0 -0.781022689807828 -0.232646142976004  0.563930018575446 -0.051767403159087 -0.0243525881328853 -0.0137269214716568 0.998267829316514
0 -0.797154003051935  -0.24536125819805  0.605250715636133 -0.0477284164796854 -1.41609134964919e-05 -0.00854209087363422 0.998823823676286
0 -0.809928438163851 -0.258662929212426  0.644868897398587 -0.0484806183357986 0.0307048097949344 0.0028065622989245 0.998348119399891
0 -0.819301220888292 -0.270593306867627  0.682352670484739 -0.0638580824792742 0.0542626315397423 0.011496021416038 0.996416355552263
0  -0.82401891450817 -0.284077257551991  0.719543509486553 -0.0656681778457131 0.0778049280995897 0.0188395904959548 0.994625132103441
0  -0.82379362027296 -0.293855012244254  0.757398985697173 -0.061889902231948 0.10121155030402 0.0254752567560974 0.992611139056976
0 -0.819501446455957 -0.303279499327718  0.796654816655765 -0.0593967140751669 0.125803327766878 0.0227609986364684 0.990013883751598
0 -0.810370916652236  -0.31345226019837  0.834940601327011 -0.057616509704616 0.151902737736132 0.0259684561015585 0.986372919014623
0 -0.793717340375301 -0.327205020536875  0.880811311600686 -0.0665049861454046 0.172998152109681 0.040410122494115 0.981843036429167
0 -0.777191542224532 -0.336478166852997  0.908578941095856 -0.0692482774604072 0.192498333725984 0.0551667613233603 0.977295091580111
0 -0.757021138897027 -0.339053399756344  0.933692068335358 -0.0733277979030255 0.211079692312804 0.0775294260960839 0.971626258206846
0 -0.734140188628966 -0.336231450100971   0.95752852448478 -0.0656770398064028 0.223411170848468 0.103580085922198 0.966977321855448
0 -0.704669075205644 -0.328135166773719  0.977409420026782 -0.0727222658499855 0.260479758944529 0.123007150620014 0.954846065146728
0 -0.682274753170289 -0.324001058295768  0.987390938204465 -0.0710908126068298 0.29542322705285 0.133815287017885 0.943273386797752
0 -0.647170996890787 -0.318912641219502  0.999557173165299 -0.0730753099323399 0.336190661760166 0.138692524818852 0.928655060602658
0 -0.609506474723888 -0.313657636568111   1.00686317971586 -0.0828283734659998 0.37265129335496 0.141248008444667 0.913410901084647
0 -0.572212858240313 -0.305895009938877   1.01112749503626 -0.0899869165739015 0.396455235267996 0.160141129628269 0.899488977072816
0 -0.533981936570205 -0.294409025613757   1.01172466839938 -0.0944095932589756 0.409800717562349 0.171892581139252 0.890844061065316
0 -0.506592092897482 -0.284598194589616   1.00732930324873 -0.0998891115974045 0.430560750885773 0.175691013969217 0.879643264506373
0 -0.478914634104945   -0.2752571210714   1.00102319584343 -0.104133268773018 0.442933209327788 0.176759406025633 0.872767177883482
0   -0.4373785601171 -0.264106946241193   0.98866724085042 -0.101636177171772 0.456148751756307 0.176753071126751 0.866231352242767
0 -0.396867278879741 -0.252428877861683   0.97476117357826 -0.117123610664785 0.46619605969568 0.175648442101849 0.859122179050372
0 -0.357141765818691 -0.241756211204442  0.960220292158259 -0.129583080138942 0.486811900155188 0.187626484449083 0.843219248797297
0  -0.31713818926242 -0.229215535052518  0.949764057613433 -0.135937901805641 0.492670769390493 0.205335195595806 0.834645947267757
0 -0.275378560932415 -0.214272735380832   0.94130837851669 -0.145365328503528 0.50008358089843 0.208745883527545 0.827774419449629
0  -0.22956085935097 -0.198802718315515  0.933337283753481 -0.14230200275227 0.507967878290219 0.206186400960451 0.824139516524357
0 -0.182760068531462 -0.185518209013274  0.923577492488591 -0.140645726960965 0.518964599461723 0.202269108846974 0.818524117909427
0 -0.136357078800823 -0.174404508614774  0.912298440175029 -0.143222739605329 0.529647996347251 0.206792602850012 0.810059915211094
0 -0.0906060219684387  -0.164241371085668   0.897863336479157 -0.148186407099676 0.54597245550039 0.217159714386029 0.795485087876286
0 -0.0439905123782605  -0.153023248390119   0.885650150369695 -0.138544347445629 0.553973575078341 0.220168458487452 0.790850549593946
0 0.00355580340880768  -0.136777874663186   0.871607554929516 -0.146876412012429 0.563526102951052 0.213615727877116 0.784368517784011
0 0.0511760366260751 -0.121882819518425  0.857630988875316 -0.142377587668059 0.564405717932867 0.202511834406853 0.787504771426612
0 0.0962301729433673 -0.112624670661636   0.84287084803077 -0.12772650910192 0.569889587920917 0.197444889264737 0.787354629220659
0  0.137272757574346 -0.104348808840345  0.834467254608966 -0.142535650336362 0.559488140256076 0.203334147989016 0.790766611306755
0   0.177495776945266 -0.0959274503223974   0.831104997624365 -0.150018785153609 0.547759029989816 0.21269356217802 0.795120027274924
0   0.218283674333909 -0.0885019411067008   0.830675170310466 -0.14906121047433 0.550514454643827 0.210570059796437 0.793961485638606
0   0.258296727493736 -0.0825806082309606   0.832073612928221 -0.146842179777671 0.553861228835313 0.202524378802357 0.794140409135499
0   0.293367151369239 -0.0800179368842585   0.830899462524443 -0.147186649578391 0.564356220570243 0.199134665430103 0.78751732140544
0  0.320783094584851 -0.085017035704587  0.826100219741994 -0.138453774574743 0.575437602182645 0.19570123258286 0.781922723717532
0   0.344644690972494 -0.0975369269942717   0.816755491323123 -0.112269823021425 0.582536465595003 0.199261434980222 0.779962584756758
0  0.354638689061507 -0.113263389202407  0.800531843078984 -0.0882949694859488 0.579390814934901 0.203270292841726 0.784341424368613
0  0.345105283130005 -0.129194784939024  0.780859696730785 -0.082261837627172 0.575705754241296 0.192628244197568 0.790373477630053
0   0.32090469780293 -0.145252618903254  0.760756033035733 -0.0832824614603458 0.565897725739334 0.181370637618837 0.799955303392566
0  0.290539256413144 -0.161381825858352  0.741285317160659 -0.0842162468507041 0.545659697379952 0.166081714298886 0.817055679006727
0  0.253029194095999 -0.174650995921611   0.72122935675154 -0.077855142988025 0.542985769088306 0.164829509948167 0.81971718533171
0 0.216602014254703  -0.1827517336434 0.712069407851424 -0.0682375310495719 0.524245730506148 0.157544876335985 0.83408013124796
0  0.174308337765484 -0.189425195330514  0.705005183137109 -0.0529519954553682 0.508132506550506 0.150746612929407 0.846329073501736
0  0.130952459911714 -0.192413776979098  0.702384326507056 -0.0584833185016248 0.484169588425683 0.14543822965641 0.860817769597696
0 0.0880005052194532 -0.191351350498487  0.699428751134123 -0.0614958374651769 0.45779849247114 0.157347775413895 0.87285765153197
0 0.0336180175655111 -0.184072641832648   0.68534046488662 -0.0702541314039455 0.445337787353651 0.160434386366499 0.87806572638205
0 -0.0220201624321887  -0.174884387642618   0.670331596650714 -0.0799340492434376 0.422159584959586 0.138752133724804 0.892266595802573
0 -0.0628144257056757  -0.167365909805418   0.660008236958384 -0.0852841666520972 0.385938584360075 0.135223636614552 0.908566226601745
0 -0.0997898777300268  -0.159961515516918   0.652033809430962 -0.0907655920357853 0.347609301690815 0.153757463292735 0.920482494761416
0 -0.137233632497089 -0.148933279245249  0.644812144479669 -0.127075476214788 0.315459434411502 0.149066703283665 0.928502173695732
0 -0.157052710375084 -0.138827746862405  0.649539973382948 -0.120634424178435 0.282635812930894 0.168213751537697 0.9366261082981
0 -0.15531248127503 -0.12337415532805 0.667539739897058 -0.135858130470639 0.281241654179004 0.182264098377851 0.932322636635081
0 -0.140673756032422 -0.113383820510321  0.682984249748295 -0.152047871161309 0.314366097161675 0.190347271534956 0.917509301342416
0 -0.119074347393425 -0.104485725726195  0.697432666055544 -0.168640860494793 0.350734997469494 0.205134284260947 0.898034045647713
0 -0.0925643401572496 -0.0970991792855002   0.710252149610466 -0.169462214731555 0.381763369767804 0.226925631538257 0.87979772961333
0 -0.0606807436014901 -0.0906172958787261   0.724035096263702 -0.162705563367184 0.406116557199964 0.240527378834248 0.866454165924858
0 -0.0211695556351892 -0.0821772213329679   0.737640114919115 -0.166224139368922 0.433697592182167 0.246445364833324 0.850611906910914
0 0.00826444810127125 -0.0782459860446686   0.745903312695009 -0.156160049992846 0.447472489495506 0.250300132968016 0.844234714618583
0  0.0385588743241082 -0.0777684680601389   0.751795373134036 -0.138161601270672 0.469119885390186 0.25075913152789 0.835438665026464
0   0.082411925464829 -0.0784129777806103   0.760330895319647 -0.135737954899938 0.491961211894503 0.24723746038897 0.823664380540574
0   0.122472721932455 -0.0812509531373273   0.769284392130894 -0.139406164821033 0.504763267819752 0.24181187664483 0.816888597657797
0   0.163881831683051 -0.0837496985873155   0.781308107068128 -0.124744148599316 0.512228847314981 0.241595475146279 0.814673021375719
0   0.206429680664318 -0.0816807500149617   0.795288350842866 -0.121731372803184 0.525358921197853 0.241735776469908 0.80668661273618
0   0.249353536969279 -0.0778486224492256   0.810351949068277 -0.118857502797839 0.5414167350383 0.235996527876465 0.798151897748406
0     0.2782070079438 -0.0754800179193374   0.820142188026344 -0.115798759356587 0.559667057332033 0.231793335994032 0.787169156952644
0  0.305559889733422 -0.074089626131721   0.82926381088184 -0.121740841567233 0.576765325638793 0.22572506538698 0.775608871462494
0   0.343550552218704 -0.0749782002324445   0.844737845391355 -0.123636066353146 0.58708854647041 0.227016011481145 0.767140725180963
0   0.379704623409239 -0.0779155220213822   0.862872329507066 -0.135033997551485 0.574390493540489 0.219507726789805 0.776954141706672
0    0.40304456682648 -0.0787780315995585   0.873688435900186 -0.135449948346365 0.576714398254691 0.218530423161051 0.775434245111569
0   0.426864855926879 -0.0766454799830239   0.884856246540221 -0.13080065747923 0.577333780342574 0.218393771527237 0.775809934607996
0   0.451353574146656 -0.0739712892466963    0.89710274116158 -0.126838259520387 0.573567906310474 0.21377224288455 0.780534010113952
0   0.475504026133715 -0.0706559939254665   0.908573597919308 -0.129663510045509 0.57087665755574 0.209649543794602 0.783156615759185
0    0.50017664799857 -0.0680106977409485    0.91950407327018 -0.13773857249226 0.569440614241629 0.199836381861245 0.785385824282892
0    0.52632824762141 -0.0673119300728399   0.929779435132221 -0.128354729496524 0.573150854387194 0.190794655851186 0.786524354886568
0   0.547173797566337 -0.0686096401595768   0.939677010840857 -0.123206508468341 0.571683586155409 0.184268369857509 0.789964050740024
0   0.567212733273923 -0.0686798331866948   0.948256856786405 -0.135404721450907 0.567130998767842 0.180085908102337 0.792210235574087
0   0.584484104127181 -0.0693060265936817   0.956695615954322 -0.134561256393848 0.56427649726379 0.180149721775787 0.794374836369786
0   0.607477364240416 -0.0712828552398065   0.969824270922852 -0.141122193146679 0.55329419704939 0.168907972324353 0.803380454702639
0   0.630110039560855 -0.0701093410102415    0.98234794864267 -0.14794909815893 0.545805795570155 0.17459064938344 0.806055334963958
0    0.65433550438835 -0.0686044881891867    0.99826021260085 -0.143038616092861 0.528377684067268 0.169863817317652 0.81945302540916
0   0.671915615330375 -0.0669199191097127    1.00949046632342 -0.147575347853669 0.510139261359856 0.162414178642028 0.831625567969819
0   0.689366067432115 -0.0618042543596476    1.02206517076666 -0.14439842235358 0.492958028713423 0.153069399004669 0.844222267318934
0  0.706510105947913 -0.055269351648519   1.03519446315471 -0.133907499020498 0.4594479441432 0.152341688580084 0.864736016509796
0   0.714280789666896 -0.0613605047023192    1.05276630370336 -0.122281979830354 0.437628274167643 0.13894482335977 0.879899396021694
0   0.738644818789217 -0.0528137276225527     1.0786392124249 -0.121261291183488 0.406373450676517 0.126522585904575 0.896743192392222
0   0.759792911798748 -0.0596365539715513    1.09701236975574 -0.12222266096674 0.343974898267968 0.101899975665872 0.925396825943901
0   0.778460674175399 -0.0567202607910283    1.12194576622177 -0.119167395526124 0.286310560583494 0.0973419745356362 0.94570076384414
0  0.791816214282079 -0.057842568714284   1.13200976475123 -0.116044283305059 0.216395450172199 0.0948853109368564 0.964729760723386
0   0.787515940272958 -0.0558131400149518    1.15169837867352 -0.121885187415416 0.165022719887725 0.0838906568755595 0.975127612519794
0   0.786808714447646 -0.0548443812608466    1.16806314478822 -0.133942417351325 0.104415404225415 0.0472626521702328 0.984338912115315
0   0.785746977047012 -0.0590681222015829     1.1879646890787 -0.117285740898564 0.0594121779463249 0.0225564709341135 0.991062789994937
0   0.791766755552219 -0.0703174878833637    1.21395477613333 -0.0944455882059702 0.0126850323748729 -0.0152082532521414 0.995333024597846
0   0.787883377791673 -0.0831404452949082     1.2408009600628 -0.0809465487070658 -0.0186809272317154 -0.0362650988783049 0.995883287244808
0   0.779660614337599 -0.0922366405691971    1.26157244099132 -0.0698400202671129 -0.0495911960547254 -0.0490504535432241 0.995116645348753
0   0.771248687433618 -0.0975630917123721    1.28280474194469 -0.067692365185 -0.0788308942534076 -0.0525370938320172 0.993198513681205
0   0.760113938377537 -0.0984340966292632    1.30530133907023 -0.0650016929411871 -0.115870295143292 -0.0659708013150975 0.988937160790325
0  0.746114682081001 -0.101095996964895   1.32921932346694 -0.0597053871477844 -0.149874957688717 -0.0766964223494568 0.983915861546165
0  0.730759600175117 -0.106309182044769   1.35328664864368 -0.0407977672090911 -0.185998877133514 -0.0873118617096798 0.977812148983952
0 0.712267648810265 -0.11443459479437  1.37323862223316 -0.0315510108167685 -0.227088354829527 -0.097061258740463 0.968511499605955
0  0.691309461125025 -0.122706066832308   1.39076693134351 -0.0297124353910217 -0.262334543992972 -0.10653183864918 0.95861813333838
0 0.665064261105055 -0.13006938324836  1.40668403740772 -0.0322419189007688 -0.29521907669719 -0.115557279754892 0.947867432985913
0  0.634130582751849 -0.133601924644111   1.42646914202057 -0.0276638679464437 -0.317341945162399 -0.133338275691194 0.93848266072767
0  0.612474628378558 -0.138193262388638   1.43842281739591 -0.0207777999822715 -0.332685987481816 -0.138498964693201 0.932580480998856
0   0.57893926805006 -0.147080660011458    1.4555188343232 -0.0184910273188519 -0.34536412234452 -0.144060797354026 0.927161362208119
0  0.542500877597396 -0.156663078170379   1.46981590246876 -0.0170579289034179 -0.356125561743174 -0.150561795962888 0.922070906672076
0  0.516123893985782 -0.163230743026852   1.47867812410618 -0.0170357137292726 -0.372961101675176 -0.160517698020651 0.913697909441148
0  0.472977371666414 -0.172561112295211   1.49114124072067 -0.00271668665938556 -0.397293335413765 -0.168924330098682 0.902006206159421
0  0.427704409892948 -0.184940484373913   1.50265171768682 0.0159854183158616 -0.421272816662601 -0.163848880364961 0.891867268569474
0   0.38230169979643 -0.197583728942693   1.51438987550115 0.0359618488500538 -0.447634952969244 -0.160705524684892 0.878921742047187
0  0.339616623900898 -0.209296381922096   1.52824005651028 0.0278483150790318 -0.468211931384013 -0.160719809024182 0.868430309031267
0 0.299351318013392 -0.22040747252242  1.54233168950707 0.0221525893898158 -0.469131329641049 -0.16225449373867 0.867812501404627
0  0.255406536358527 -0.229566361384661   1.55734423340258 0.0180631038333375 -0.475103601924652 -0.159859029874716 0.86509848126421
0    0.1936142031607 -0.241850757667173   1.58230406976164 0.033321453416519 -0.472422874706276 -0.157657595105109 0.866516238106444
0  0.150747306866902 -0.255892225946134    1.6032307831581 0.0260857696455608 -0.449381246896271 -0.161330806080289 0.878264424059996
0  0.109179503538663 -0.270914112589515   1.62478815108021 0.0139641137290361 -0.444273607438545 -0.155480516146523 0.882185793560583
0 0.0672844645534252 -0.281450207354739   1.65102238207996 0.0102146487105813 -0.436639396332038 -0.150043296116661 0.886977287089676
0 0.0234607177363811 -0.290414468802272   1.67860221179424 0.0159818810981126 -0.440686549695026 -0.140799155109266 0.88640596924602
0 -0.014404677547718 -0.302340590186635   1.70770674020842 0.0189060472356149 -0.4466096742192 -0.136589437915705 0.884039414122253
0 -0.0738212904126735  -0.322998970731105    1.73677542299408 0.0117139958383561 -0.46050664672809 -0.13685267372116 0.876965082723434
0 -0.112883344676061 -0.338884043407411   1.75947859884192 0.0132870691009404 -0.473000806938606 -0.147949894032456 0.868449491499603
0 -0.153626014468132 -0.349938469217746   1.78680004675508 0.0195892260399652 -0.476078956141113 -0.150059313778603 0.866283609501552
0 -0.188794950707395 -0.360204271666059   1.81567043677495 0.0320505466733541 -0.47497380866281 -0.159445111731656 0.864840967974554
0 -0.235544022642935 -0.373755958954401   1.84067306985857 0.0489894693742381 -0.468116482468614 -0.168236831108579 0.866119714237118
0 -0.261673870314972 -0.384029859478541   1.85579832497324 0.0518878524470656 -0.471161033931083 -0.165321448031651 0.864860537713534
0 -0.286834158961118  -0.39194884134367   1.87052800994718 0.0419275975147588 -0.47674312612455 -0.177200087084944 0.859975695817458
0 -0.311143552110634 -0.397730361635769   1.88615269748636 0.0324014621630624 -0.479847965761817 -0.175891301050452 0.858928591454913
0  -0.33686677871778 -0.403859867522491   1.90092865539834 0.0321142034806272 -0.486031133029628 -0.167186600448754 0.857199542866846
0 -0.373189533372277 -0.414565089601873   1.92620507434815 0.0407342208817433 -0.492924764531643 -0.169841016788392 0.852361383907593
0 -0.413618922410644 -0.430294059057785   1.94790142924569 0.0527922553112029 -0.505607063986421 -0.162926498410857 0.845594128847738
0 -0.448944879838583 -0.443409773356966   1.96820003671642 0.0450946323974111 -0.516785011001756 -0.168645816473259 0.838127863227876
0 -0.480846671417969 -0.451507242611293   1.98473056092379 0.0315386419633281 -0.52365938064682 -0.177648614246498 0.83260262849693
0 -0.525248103561104 -0.459482384638698   2.00156705938888 0.0343844877480932 -0.532592409284462 -0.180213868442498 0.826248143232929
0 -0.567243414324209 -0.464832045841641   2.01853003218235 0.0419782961485948 -0.537733212280693 -0.188988561029251 0.820587678961146
0  -0.60727750854238 -0.472666689228722   2.03598505914052 0.0429910749335659 -0.539196562250119 -0.177289661061042 0.822184414115575
0 -0.646477244264559 -0.485463680728883   2.05048788599235 0.039804743621852 -0.530971444479176 -0.188177000853313 0.825272272575996
0 -0.682387727191408 -0.496497590610833   2.06444700358876 0.0332051792013169 -0.537445429228969 -0.186834173853567 0.821670748022316
0 -0.732154457368936 -0.506998403379345   2.07759762830369 0.0401356059216774 -0.545241820081729 -0.183854631981762 0.816883079191946
0 -0.787035090997865 -0.518980618778574   2.10220745131187 0.0543429737837883 -0.553517364326699 -0.195242333127678 0.807803070026365
0 -0.825734322211404 -0.527479748815356    2.1073378476791 0.05785962546403 -0.572439846180135 -0.197494896565563 0.793700606070692
0 -0.865012116022685 -0.536517581368399     2.119558669546 0.0559541301451137 -0.591569694158489 -0.216069884650671 0.774743981725564
0 -0.900515994579598 -0.544958103737427   2.12653307185758 0.0605060940326449 -0.613896191052251 -0.214322570199481 0.757321804188641
0 -0.936580680787127 -0.550481794002959    2.1350865558443 0.071782144769949 -0.628813825403312 -0.216584856975827 0.74332462383715
0 -0.968670240037813 -0.553534171192332   2.13933031511929 0.0869675503960317 -0.638988530720362 -0.225907892962277 0.730134184025985
0   -1.0115916964694 -0.561326258795573   2.15147744913979 0.094755049390336 -0.650241672069781 -0.226469801036654 0.718970568060577
0  -1.04535986787347 -0.569923216570148   2.15900621762479 0.0950602289471248 -0.659628182328995 -0.232523283013115 0.708369350555675
0  -1.07459839816649 -0.578325929913092   2.16341876786818 0.0894084237921671 -0.674147785748091 -0.232908805728546 0.695186582825106
0  -1.10862569932841 -0.583542994586838    2.1704596310418 0.0891579415211745 -0.688546973792735 -0.235310949743037 0.680134312673316
0  -1.14083201816665 -0.587455451977548   2.17503549724606 0.0960593514251177 -0.706251192265031 -0.242812212925493 0.658045654709636
0  -1.16794260299355 -0.592312603869797   2.17686848330093 0.0994771839048878 -0.727479444522266 -0.249636259364508 0.631315836717585
0  -1.20041102245691 -0.600469909603261   2.17868306789052 0.11106650091679 -0.74651195604281 -0.268034104622991 0.598783642577342
0  -1.22584199550261 -0.606338371577795    2.1757718372207 0.109891564397427 -0.765898408977549 -0.278061748344416 0.569214489720345
0  -1.24990599351873 -0.607960017505771   2.16947231489988 0.116053441878795 -0.783394743247715 -0.285268270420697 0.539857656027138
0  -1.28528287460339 -0.607517732202995   2.16418778567225 0.12612572868644 -0.797014828285513 -0.28955239638204 0.514800032833863
0  -1.31578419794891 -0.608262622532195   2.15476869235592 0.131821942400765 -0.811318367368733 -0.288488456257445 0.491080332408069
0  -1.34405693834256 -0.612071120263857   2.14292802035057 0.136521911035634 -0.821609614000184 -0.296297278962427 0.467469071136379
0    -1.365058644323 -0.616122313645266   2.12739374571218 0.140470838280848 -0.836480323744497 -0.300603185923085 0.436126513977159
0  -1.39519018684761 -0.620286431259207     2.110962703269 0.144716132644198 -0.848253861339424 -0.305899370039429 0.407367405525706
0  -1.41333652058916 -0.623625859621115   2.09919391905526 0.147141032462909 -0.858389454504329 -0.292652330906722 0.394805868974071
0  -1.42964224056238 -0.625712490030414   2.08603781842351 0.156599432364153 -0.867652906961333 -0.289004945823971 0.373002938479119
0  -1.44958142507357 -0.628633177403352   2.07352629693928 0.161359444877142 -0.877743003331436 -0.288911878468035 0.346497151693521
0  -1.46805789192207 -0.630299670270208   2.06122916141589 0.15747828615942 -0.887558151720933 -0.295039096419031 0.316848620458187
0  -1.48151794850265 -0.633181530021784   2.04902192176178 0.158629534509631 -0.893850533784462 -0.297948886188642 0.295117527865491
0 -1.50383079659741 -0.63555782538423  2.03708817218767 0.15731356449062 -0.895962147523051 -0.302911218579218 0.28416380186785
0  -1.52047971362438 -0.636697651942847   2.02312366381357 0.155818644991796 -0.899973071348964 -0.304511815799343 0.270262048312782
0  -1.53483039817634 -0.636871543551541   2.00772127179255 0.160990429816162 -0.904829714974708 -0.300937966442365 0.254561601110478
0   -1.5519000045006 -0.635641044022875   1.99180427381316 0.172215575774972 -0.907541892087286 -0.298648171907654 0.239830729856164
0  -1.56771311256068 -0.634416909213423    1.9747674819506 0.180562767919417 -0.911228417360788 -0.289616398770248 0.230612661835351
0 -1.58417486234886 -0.63327165264833  1.95693550923016 0.186100346994316 -0.912456825658318 -0.282436032673021 0.230258744906823
0 -1.59997290630739  -0.6301940151516  1.93804847365182 0.188684013075198 -0.909755237295483 -0.292887013067146 0.225745318888085
0  -1.61548107351619 -0.629320231501408   1.91904378479389 0.18662736035847 -0.911489026040088 -0.287754395771062 0.22705812359075
0  -1.62991971199378 -0.626627468858221   1.89926877683725 0.184475015595324 -0.910949022821631 -0.298850544647968 0.216400550842722
0  -1.64979396857914 -0.624479797116362   1.87078481757995 0.17800545813844 -0.915134594279245 -0.290591720400917 0.21540469646858
0   -1.6691084173893 -0.620959921333574   1.84014234299523 0.177318425945088 -0.920576754256234 -0.278722824840512 0.208351151319926
0  -1.68777306860922 -0.617341335459683   1.80754119864146 0.176102195279636 -0.926111856635844 -0.267992556188271 0.198707915403183
0  -1.69786096797139 -0.615631987621278   1.78474816416618 0.17761280450335 -0.929790221851815 -0.265678909232623 0.182643237526528
0 -1.70714202033683 -0.61380654216503  1.76280525536272 0.175902660912787 -0.930708538406943 -0.266292515695857 0.178684544671848
0  -1.71619658171548 -0.611069580012383   1.74098045348973 0.173742576954727 -0.931152287194676 -0.271715267769413 0.170116866495508
0  -1.72348190079119 -0.607514298400761   1.72014269722174 0.176494420416302 -0.930406666742329 -0.276864773845431 0.162908106142267
0  -1.72909689151539 -0.601616194253913   1.69923944477571 0.177728376144609 -0.92714416063886 -0.286832783125855 0.162921098174977
0    -1.74401108351 -0.59373576106496  1.66768458956363 0.172929912719174 -0.927960319546021 -0.284236417145319 0.167912327729022
0  -1.75673575517345 -0.581783168378634    1.6319013517771 0.177203965414339 -0.924924186209856 -0.287333424372696 0.174795616774934
0  -1.77150022395644 -0.569192907312783   1.58192496226319 0.184659147003633 -0.91889796842252 -0.290785236190411 0.192279664734843
0 -1.78296035427852 -0.55549247027317  1.51767711273289 0.181956271840901 -0.916044105883704 -0.294091343898769 0.20313885068421
0  -1.79848917088714 -0.544836847662067   1.47106119946548 0.176583529463879 -0.917659465612231 -0.288617152857323 0.208373466091263
0  -1.80521405141079 -0.535199954424928   1.43280133348806 0.182330456119177 -0.920790223738547 -0.280161792126489 0.201023229680957
0  -1.81043892225242 -0.529931346258476   1.39159197118837 0.175416466110919 -0.928500696241421 -0.259295213099309 0.199703562712679
0 -1.81871716555221 -0.52707425922352  1.35325957762294 0.180531584243403 -0.928924341881736 -0.262642469889618 0.18848566831574
0  -1.8247402254715 -0.52317157135427   1.3135109009769 0.179753944801899 -0.92850964397958 -0.26368974630009 0.189805368894728
0   -1.8321595303932 -0.515891764425086   1.27335072747201 0.181533412457591 -0.927805154821481 -0.264345531163913 0.190642741802197
0    -1.840820640534 -0.506654267710444   1.23286182613252 0.176783993875794 -0.928148534409669 -0.256376702409137 0.203859520367147
0   -1.8532174212298 -0.497932802111241   1.19365707027034 0.183273958623178 -0.925661956833136 -0.249391967779724 0.217633279094432
0  -1.86225764912116 -0.491312528957765   1.15309585434778 0.178348923521908 -0.923921692771638 -0.249068782896782 0.229183569417361
0    -1.872437108522 -0.486990217273655   1.11447162710448 0.178060462189198 -0.917427888418906 -0.258153752686325 0.244902391434148
0    -1.882271085086 -0.480860863387101   1.07879701870625 0.175943490857397 -0.916441126933508 -0.256291185368061 0.251980906404413
0  -1.90363571183712 -0.467355277227059   1.03391417753509 0.171816827516632 -0.913774407630932 -0.257234641426672 0.263297643344848
0  -1.91663557645256 -0.459890395120802  0.997562079432059 0.173684993821203 -0.913671785678443 -0.262968557243724 0.256680597002674
0  -1.93063529488504 -0.454708190655527  0.960218483886104 0.165005282735644 -0.911272118374515 -0.277177013237172 0.25598688692094
0  -1.94633410719818 -0.448177666731296  0.911412515086162 0.137911359138197 -0.912341312302556 -0.283518694830285 0.261210521550025
0  -1.97233058943077 -0.437197897340529  0.852778409673994 0.118300452952952 -0.911349661536342 -0.278960510819455 0.278617714174944
0  -1.99038332753344 -0.428168573882816  0.818822345698035 0.128578225087785 -0.899325733366244 -0.283365742297148 0.30722096515526
0  -2.01296822554338 -0.419196683224894  0.774529354691601 0.150364858435328 -0.88039433304584 -0.301168626897916 0.334056411195653
0  -2.03867143302411 -0.414953418944717  0.734342467755427 0.123215949761441 -0.87582152700236 -0.303049213840141 0.354845961727781
0    -2.063504510849 -0.402388307923038  0.699277870199409 0.109369818417571 -0.866332680887461 -0.310238214842326 0.375843290344657
0  -2.08632775215627 -0.394894638904562  0.676484690615064 0.0964172301407898 -0.860168645120469 -0.307422248066987 0.395354500514455
0  -2.10832957181134 -0.386817713554476  0.652215764734212 0.0890087366253943 -0.85381562151161 -0.316946372438425 0.403263346047243
0  -2.12970147256846 -0.380916563798434  0.628932201751319 0.0748320734632448 -0.842445876299316 -0.323157111760181 0.424563996832382
0  -2.14916211208721 -0.379253750679707   0.60576898050219 0.0729917302525593 -0.839219361560382 -0.328423908813372 0.427224538874662
0   -2.1656215920449 -0.374677628622528  0.587160518424004 0.0598182740192768 -0.83198817743718 -0.334498762153258 0.43855219166714
0  -2.1816355475871 -0.36902572542757 0.571047099870168 0.0519521940966461 -0.818332288672335 -0.341439930264255 0.45940397132152
0 -2.19543711164635 -0.36363978124252 0.555355983116171 0.0381216546484645 -0.806804408590388 -0.331688167472829 0.487438555393902
0  -2.20736590006193 -0.360593334369637  0.539554155557586 0.0335086226911501 -0.792922022404707 -0.327645496104248 0.512640485597434
0  -2.21869804299482 -0.357028353558258  0.520614901954252 0.0159603652903959 -0.779008001651856 -0.323153535162778 0.53708806802421
0  -2.22830035135065 -0.350653828780323  0.504437215277724 -0.00123475517727143 -0.764552973779202 -0.32381999403701 0.557313051279891
0  -2.23576833808029 -0.341017465203561  0.497469381979926 -0.0362366487669148 -0.746819543211371 -0.320078833303792 0.581804963569911
0   -2.2443980295693 -0.329727027602432  0.498318791361374 -0.0742422347553428 -0.731923201089183 -0.312960980595466 0.600692885683376
0  -2.25053868175857 -0.324270742521399  0.512123048249622 -0.0778546871562301 -0.724384797667338 -0.32632789587469 0.602258596427027
0  -2.25148766913189 -0.317315543811336  0.526260194732757 -0.0940780614899939 -0.716236181787561 -0.346069991110883 0.598657340635838
0  -2.24980287120705 -0.311498805064808   0.54043494877278 -0.116495717439395 -0.712893212330804 -0.349996339850083 0.596418123234441
0  -2.24680766611373 -0.309007258797592  0.555863995483029 -0.134182862054097 -0.713348366846452 -0.354412318877702 0.58950909685619
0  -2.24328302987782 -0.307279271138464  0.575418373197012 -0.152396553225887 -0.709864751713462 -0.357651441389251 0.587326801118292
0  -2.23885793468741 -0.307109053332423  0.595483493387253 -0.166314175007601 -0.703911822854265 -0.356156220044163 0.591608390543424
0  -2.23315776934455 -0.307197144525264  0.619544391077907 -0.187573693155087 -0.689948705988107 -0.354826355370048 0.602399493921025
0   -2.2297103839335 -0.308938459155802   0.64099300347366 -0.202386653059821 -0.672899247021769 -0.349060994665342 0.620002151628542
0  -2.22565794508651 -0.311316704286976  0.667477306742475 -0.220846629957386 -0.66534690050822 -0.331546184791406 0.63136154093422
0  -2.21816202826658 -0.311663979525933  0.691255751271228 -0.233673364868099 -0.65409176267961 -0.328639954458896 0.6399660185347
0  -2.21330971468695 -0.309987518008166  0.715912000499958 -0.255143211507063 -0.639181481117673 -0.318975906530844 0.651615950442365
0  -2.20829398545961 -0.309207704004466  0.735515540530307 -0.27418838853216 -0.620911288922797 -0.308747200586257 0.666307035091569
0 -2.20497072716017 -0.30943252795844 0.756103849285166 -0.289707679757085 -0.605294199863374 -0.291699577333524 0.681615543018913
0  -2.20124059737946 -0.310858379957932  0.777777194892538 -0.302040233246171 -0.586016170950794 -0.28169327141702 0.697141051526264
0  -2.19488554536556 -0.312651662226642  0.800393093560149 -0.315010017694178 -0.567722973543982 -0.264776753985619 0.712988488414457
0  -2.19235080200066 -0.315264588055702  0.824281687724536 -0.324611745109658 -0.547678879775346 -0.252880381304102 0.728509829951783
0   -2.1879773313494 -0.319767845191379  0.849145822179014 -0.325938933769573 -0.529389108132613 -0.238429979331095 0.746097934992374
0  -2.18299380666482 -0.323244107724075  0.871582434508102 -0.331982442972018 -0.517000584118406 -0.23500523570253 0.753173680349995
0   -2.1793516306495 -0.327503789848271  0.893895905257909 -0.337104834081153 -0.505459299265342 -0.223372673907923 0.762217735411957
0  -2.17517926435561 -0.330372545420006   0.91494998285153 -0.339294750584814 -0.494994500721024 -0.212457226532465 0.771181848447995
0  -2.16994674019754 -0.333328520605527  0.936906423242954 -0.343362961420437 -0.48536667164041 -0.198851108385333 0.77908876739382
0 -2.16503465752838 -0.33524635259052 0.957262563121732 -0.349074100669703 -0.470118896336452 -0.187627488169864 0.788626287434107
0  -2.15812612321459 -0.338866076797351   0.97856375057093 -0.351715008749946 -0.45524643792861 -0.175791444282024 0.798839534256147
0  -2.15085192779757 -0.343017995138051  0.999826957113384 -0.352103986679856 -0.445668703196651 -0.163058721140155 0.806730464910868
0  -2.14203482709321 -0.347239280417867   1.02279079182428 -0.356352077246726 -0.440545243748748 -0.15039197296768 0.810132914847427
0  -2.13134944272866 -0.349586545698118    1.0419342919324 -0.360421039216683 -0.433069594322267 -0.143429819742083 0.813618637797996
0  -2.12329532129991 -0.351701636576688   1.05711776495533 -0.36455692169418 -0.425837912392293 -0.132201838660136 0.817485777900213
0   -2.1141848811885 -0.355249101527841   1.07353291206716 -0.365736856923729 -0.417337795911937 -0.126843504019294 0.822177864624818
0  -2.10352429264342 -0.357956193896821   1.08801040267976 -0.36160816583882 -0.401835989512705 -0.122912989023794 0.832261839243075
0  -2.09262688765488 -0.360791035061276   1.10386481496646 -0.365158203700699 -0.383841655459682 -0.1122745514048 0.840666101916154
0  -2.08257450471078 -0.363694935503924   1.12036751939674 -0.368097193948239 -0.372824987757383 -0.104746970010204 0.84530116324587
0  -2.07337211603988 -0.364763787355392   1.13372154565728 -0.3727035112588 -0.359137225789377 -0.0959216344557225 0.850242074818116
0 -2.06425919451283 -0.36636781453092  1.14951321711246 -0.376331433320772 -0.34638109193223 -0.0904227916116149 0.854528238388721
0  -2.05602211000819 -0.367688429595778   1.16609727881128 -0.379297126522522 -0.33828564285821 -0.0824946353728565 0.85725792430427
0  -2.04779048005014 -0.368478665117163   1.18281639560954 -0.380627727695957 -0.327696546376725 -0.079993511337007 0.861010188409961
0  -2.03905687322243 -0.369399481019135    1.2000136460383 -0.383516897503133 -0.31466287858958 -0.0751731360757447 0.865015064481439
0  -2.02896110590579 -0.371598099018416   1.21796523293921 -0.383763868295079 -0.301012529806528 -0.0722904121549814 0.869994739410035
0  -2.02185284951399 -0.373913508141693   1.23515751194968 -0.382511741361311 -0.286921284585673 -0.0665753580936912 0.875744635077568
0  -2.01370597516522 -0.376550282362437   1.25202305928654 -0.387096154957717 -0.277202517743581 -0.0617278250233921 0.87721434472508
0  -2.00607096377108 -0.380428387135305   1.26986025949183 -0.382646617657536 -0.268827747372282 -0.0546806336653998 0.882226295538703
0   -1.9987471286527 -0.384454949773752   1.28612216504238 -0.379084110627277 -0.259485030269873 -0.0467750654496697 0.887003297281329
0  -1.99164186847796 -0.387949355767029   1.30221489223464 -0.380273568821347 -0.251699774805956 -0.0443906920188737 0.888858089168678
0  -1.98415978167693 -0.391873092408354   1.31959450473396 -0.376402702971849 -0.240794398030188 -0.0354785570650763 0.893912934832775
0  -1.97773059674815 -0.394626138961058   1.33628306360709 -0.378032667460192 -0.227422771336958 -0.0285714381996974 0.896969262756283
0  -1.97025514250834 -0.397700820809024   1.35388014321046 -0.379096636348642 -0.2148056304474 -0.0252024958520324 0.899727245136029
0  -1.95758232335188 -0.401800765678264   1.37175482456998 -0.380605048891308 -0.201330671480318 -0.0262242813480415 0.902174065548056
0  -1.95488435987395 -0.406979419104527   1.39017066513868 -0.375566397607117 -0.186503714942511 -0.0158390433998837 0.907697840696579
0  -1.94655487495133 -0.413489095607222   1.40779563376247 -0.37151175831558 -0.17230010488593 -0.0034384029004867 0.912293738154032
0  -1.93664335358318 -0.420948365081783   1.42607469851229 -0.373131502990403 -0.159539283143864 0.00398575366115504 0.913949786573539
0  -1.93005161338547 -0.428773262210235   1.44398589473422 -0.359160499245759 -0.142772606843497 0.0106315528555475 0.922229195265759
0  -1.92268423160217 -0.436232755351958   1.46164884537345 -0.355605066778861 -0.128444389472293 0.0122715489315718 0.925687033711239
0 -1.91255906850827 -0.44336848090847  1.48013048842321 -0.353708305254782 -0.114645638279714 0.0131670873112144 0.92820980399313
0 -1.90988129330443 -0.44878504230259  1.49747866656397 -0.3466239068314 -0.0990534137044916 0.0214874455994586 0.93251197210976
0  -1.90449478920549 -0.453729133673337   1.51670255093287 -0.344963006050082 -0.0849069810996084 0.0235200343520786 0.934472116759788
0   -1.8993852853852 -0.457264974797227   1.53691026433695 -0.348925265799944 -0.0682514743483009 0.0272211956976957 0.934265434253301
0  -1.89187889269547 -0.461492506871515   1.55910236974972 -0.34881487224152 -0.0428683784355308 0.0392477382489592 0.935387674750839
0  -1.88839532296068 -0.466227374687456   1.57862665275906 -0.348611608670172 -0.0203649336344539 0.0497957471252032 0.935721966904006
0     -1.88174694773 -0.471355579439525   1.59712832980874 -0.355915156121806 0.00316892620767797 0.0512275647459617 0.933107762350994
0  -1.87447322947278 -0.477916969712252   1.61817928132518 -0.346807552587666 0.0311760201424544 0.0705488843841649 0.934759558468583
0  -1.86751242319292 -0.484333294124552   1.64061932678506 -0.33473757590061 0.0421918835152282 0.0892400825886326 0.937126889970187
0  -1.86004334486999 -0.490361002183858   1.66274502873308 -0.323121369682128 0.0571423445249753 0.0864443160460897 0.940667163847159
0  -1.85147961645154 -0.494090259562418   1.68570819662208 -0.317421396209079 0.0717977242710684 0.0985170575522063 0.940416468055207
0  -1.84474317515454 -0.498292085130233   1.70856443464964 -0.311554110019487 0.084038504162146 0.110140200406677 0.940074838830682
0  -1.83222921791847 -0.501404212780002   1.72938472048737 -0.304165301541866 0.0955023959502237 0.11364856599225 0.940981809151281
0  -1.82193934508961 -0.506276155466497   1.75050241466676 -0.292733108324566 0.106534466878454 0.126434089241199 0.941791991755775
0  -1.81254139192743 -0.511504503411037   1.76955216425244 -0.29218653731465 0.106552060413093 0.128199162954439 0.94172111606971
0  -1.80128024756846 -0.516340364823368   1.78776572513155 -0.293519507897722 0.117935046866694 0.125375797316057 0.940328949172253
0   -1.7905669723774 -0.521979895778405   1.80490113108095 -0.285736759736965 0.126197430804707 0.125944885931169 0.941576655562943
0  -1.78010891212172 -0.527306450734132    1.8219987606489 -0.285225125456289 0.136624410237975 0.126753623276047 0.940166962471009
0  -1.76906048379804 -0.531655959712523   1.84056525782991 -0.279338532418413 0.143233110361204 0.127170954850574 0.940894153794663
0 -1.75756700496073  -0.5350440317822   1.8598027368584 -0.274709237630941 0.155586178395145 0.130298933749405 0.939866992566709
0  -1.75033360605877 -0.539504416528711   1.88061228505801 -0.270801660911397 0.168906508266728 0.133733709518556 0.938217643647346
0  -1.73411741355545 -0.541682925283813     1.900476182606 -0.266001688752629 0.181829283523862 0.134983734143192 0.936995520133746
0  -1.72216842955289 -0.544681134026276   1.92047562283058 -0.267425891285119 0.19499778600466 0.133603907158495 0.934135564099572
0  -1.70622936463006 -0.549514160963037   1.94836881773982 -0.272735631736827 0.21061405187906 0.136343526438875 0.928798922873197
0  -1.69456948519531 -0.553421828528787   1.97502945179586 -0.278845346122761 0.216798899692061 0.150746872986669 0.92331949525759
0  -1.67377965666335 -0.552373989375706   1.99874156888537 -0.281741728793403 0.228068180032755 0.165898235298137 0.917106470938907
0  -1.65478715838695 -0.547739764264389    2.0225741735129 -0.291514398998389 0.237703908218107 0.17274198882648 0.910316655066092
0  -1.63496640091508 -0.544465129646197    2.0452326554053 -0.297594307565287 0.258139378685407 0.189055604155722 0.899477441525892
0  -1.61042996536098 -0.540555771919191   2.06334876114866 -0.307743994025798 0.273037990830104 0.210466358048273 0.886818922799015
0  -1.59335211082287 -0.540432798354306   2.07481518890296 -0.307353321159888 0.297004604137778 0.225452730626368 0.875496012181702
0  -1.57455761222347 -0.543901592284501   2.08465241831236 -0.290755948116397 0.322127746507914 0.227374259834446 0.871777287803144
0  -1.55614611765525 -0.544430297917728   2.09258323592913 -0.290514226459124 0.348210266865212 0.228539250540811 0.861464395803308
0  -1.53791358855187 -0.546162654480799   2.10199434396817 -0.283794065787062 0.37591346923145 0.233354335782711 0.850703089124422
0  -1.51046931863546 -0.542117777090927   2.11323035291523 -0.273010544468496 0.417149039113454 0.258779480355658 0.827336148323397
0  -1.4855327253296 -0.53929361621614  2.12696315473833 -0.274923417571181 0.45652035508107 0.273102261992888 0.800887903743092
0  -1.46405934058282 -0.537338664254031   2.14253274207011 -0.286188171503834 0.483251158787309 0.289885254061071 0.774939473442903
0  -1.43621373955496 -0.535841513757037    2.1507464549147 -0.283136512183116 0.510257248591802 0.310767376067936 0.75026321627823
0  -1.40812648231672 -0.533348627563282   2.16003878464249 -0.281631292235613 0.534436645898903 0.319389067354958 0.730104040810733
0  -1.37559682240966 -0.525728990689983   2.16846034436398 -0.275583396529103 0.560400171715899 0.329031483064652 0.708338705881974
0  -1.34267944449082 -0.519636929891568   2.17325235409186 -0.263031032114731 0.58532433839094 0.336182459913093 0.689341315081759
0  -1.30825068423333 -0.514259320851076   2.17519299187216 -0.262383818822896 0.606407123030145 0.339049917264249 0.669679241399434
0  -1.27620667265198 -0.509257438384706   2.17467341238762 -0.26323838621413 0.621879916930304 0.341245865559537 0.653851802919179
0  -1.24216887817397 -0.502612660683639   2.16828065284486 -0.268115934957712 0.639593227117141 0.354789098751912 0.62702395859683
0  -1.21012142660321 -0.492329880658144   2.16469827108125 -0.263708897515459 0.65181535100118 0.362990303368201 0.611418355327228
0  -1.17187243722205 -0.481860781917001   2.15808313027154 -0.261055002386997 0.674637026980434 0.3605050886789 0.588855881003446
0  -1.12962003721308 -0.475506904318293   2.15038802851129 -0.270786287086757 0.6905779179184 0.34870109873529 0.572873868971222
0  -1.08584522861075 -0.470796811227995    2.1443909889001 -0.273015517732915 0.69836276596557 0.343692259215783 0.565356175472682
0  -1.04238724913837 -0.466247154547766   2.13094560883087 -0.271502471458542 0.705394529185362 0.348129680251981 0.554536465811689
0 -0.995729897694938 -0.456486950362026   2.11759928955306 -0.246803178655102 0.7179096985926 0.350693855608006 0.548368193197974
0 -0.963310016195376 -0.451229987493381   2.10683671007617 -0.226042317464395 0.734720811095949 0.344027793002219 0.539198551648517
0 -0.932408597176894 -0.445823261418404   2.09573168704299 -0.207263512720976 0.744714838330462 0.334268294476546 0.539171914302606
0 -0.900988075900361 -0.442220923946433   2.08577441062963 -0.203987244928952 0.745626460566175 0.321047903465161 0.547136755199721
0 -0.856131577602091 -0.436538999810415   2.06972226608641 -0.20146458029155 0.748236530892058 0.321553554159315 0.544203480817681
0  -0.81513156481888 -0.428770438077438   2.05247498664744 -0.202249338117749 0.750535024045089 0.328493728864469 0.536548462871051
0 -0.773135754796221 -0.415379820173327   2.03481698987791 -0.209090591332043 0.754893801307417 0.32010830677532 0.532866911430512
0 -0.729091527764385 -0.400621539798657   2.01691968803122 -0.200644677675723 0.766012716232765 0.311954341814014 0.525024495155695
0  -0.68572591290606 -0.391488460169576   1.99829021357783 -0.207489547922678 0.771929147715899 0.30038211061166 0.520426811409571
0 -0.639735533740616 -0.383615816125494    1.9808083500206 -0.205977796871131 0.773049175813409 0.314168494604094 0.511142128931398
0  -0.60418038062888 -0.371295590272181   1.96186023142182 -0.213208366012674 0.768024120256159 0.322377882860822 0.510640425357348
0 -0.560604476625916 -0.355526790063355   1.94499174812034 -0.201057820462944 0.771063826445034 0.313220653792075 0.516651865782655
0 -0.501922156633619 -0.337005261713554   1.92439734269853 -0.211069863519913 0.765134418744108 0.305527762704419 0.525995836659982
0 -0.444733979992167 -0.325327955203094   1.90473610339799 -0.22757184072927 0.754650716633426 0.3114988842663 0.530737033089456
0 -0.389444146412826 -0.309585181686587   1.88783331480686 -0.212009528829552 0.759679920480406 0.31051354332112 0.530584317068003
0  -0.34197202832534 -0.296352309967306    1.8739646360882 -0.19746912621791 0.771311256911122 0.297009029395002 0.527134257671383
0 -0.295005464242776  -0.28569875721069     1.859970347897 -0.182429799655483 0.781326177255447 0.298429164891417 0.516903091957537
0 -0.259179814420238 -0.279551005196615   1.84739291097266 -0.186605301026735 0.785372616256258 0.29953051767823 0.508576232479393
0 -0.221855657536848  -0.26691825466946   1.83536621839472 -0.199538595057203 0.77934497709735 0.320719125458679 0.499944995295232
0 -0.178222847199525  -0.24899172707004   1.82172308839096 -0.213400004974457 0.784130403912399 0.323012766226371 0.485038864826178
0 -0.131355530016391  -0.23211210642131   1.80763800110582 -0.210569529289446 0.790816452167716 0.317335085793935 0.479132816283589
0 -0.0838813354283126  -0.220332108050599    1.79414750554011 -0.19395922408129 0.791612295206108 0.322948267514335 0.481076095832864
0 -0.0344757223722021  -0.214290024671178    1.77753159081967 -0.199956118989127 0.790288640095181 0.327669715418135 0.477591848143489
0 0.00386004383773564  -0.205160972805863     1.7656801975491 -0.197295302529936 0.791224240499149 0.331304898393782 0.474632309421147
0 0.0486082618221197 -0.191015909177575   1.75275710356971 -0.201482099472269 0.795829274053082 0.324609806178507 0.469775695289937
0 0.107470640784553 -0.17162287105592  1.73310874099137 -0.191330642057262 0.81171072966699 0.313828344426466 0.453905328221627
0   0.15229008110184 -0.164918110052553   1.71112722767806 -0.200765648672433 0.82044448772868 0.30830252986201 0.437622607904854
0  0.189029749272469 -0.155976406032997   1.69682380069687 -0.193282580805859 0.823022868642131 0.321928642586487 0.426189102079731
0  0.225791287024672 -0.145968249542973   1.67728469866358 -0.185009122685954 0.83251067655555 0.322903012098872 0.410403755735093
0  0.249361608897346 -0.135836582393569   1.66195937106143 -0.172747060600467 0.838650487004849 0.326643838375145 0.400159488894092
0  0.272895951839836 -0.125776060491498   1.64663896706109 -0.16176013328105 0.846970794133117 0.32436234553457 0.388925702372222
0  0.308066672816224 -0.113353255504208    1.6247195556114 -0.158762348223763 0.851160263790019 0.328323070972992 0.377524414042648
0  0.343280716543762 -0.103977811888437   1.60323371718607 -0.164499373532313 0.851149003160165 0.335359704564503 0.368807807782514
0   0.377783111855145 -0.0949269808161482    1.58362382444524 -0.175393676973225 0.849258171380989 0.339494244643853 0.364336759432988
0     0.4101984241059 -0.0807866992078874    1.56422571074793 -0.171393272335142 0.855101754741854 0.34317152299894 0.348795987703761
0  0.444472639567961 -0.064902483522486   1.54116317825339 -0.169541413354738 0.863189850906694 0.343282558565184 0.329114076627389
0   0.474120489401846 -0.0514602256079843    1.52489600588236 -0.174546472980715 0.871545176884656 0.342660210005257 0.304181711972037
0    0.50361479124517 -0.0412418706494584    1.50431675776414 -0.166006794551895 0.879807267008293 0.352567035060866 0.272171642296535
0   0.533109178239513 -0.0349274919922947    1.48102029029216 -0.165054856964704 0.88411166921585 0.358986165115282 0.249464193431741
0  0.559976519693752 -0.024183244356854   1.45490184083658 -0.16249893835938 0.893438143582208 0.3559942571233 0.220523167761765
0   0.576603235887958 -0.0153867961274813    1.43622707151859 -0.154256750508514 0.901029352530272 0.35280774893165 0.199693898492707
0    0.593617876289363 -0.00801927584444428     1.41639285043873 -0.14654206830029 0.908258546141455 0.349211507221223 0.177885240544476
0    0.609004277456273 -0.00192092813663364     1.39420754555625 -0.138062079043187 0.915390905775162 0.345225793217876 0.154329205439186
0   0.624717813749453 0.00215592923844765    1.37496347458811 -0.142388077472159 0.916558853489742 0.349461359137651 0.132371681084055
0   0.636463529953903 0.00486721433836568    1.35453388285634 -0.142570760897137 0.919789687378313 0.350901835697687 0.102608044683203
0   0.648354318446422 0.00648849587643541     1.3365764205029 -0.13405936863546 0.925792752907092 0.345669553622903 0.0738134408079751
0  0.65871322930805 0.010956796470274   1.3201372264703 -0.13164314208896 0.926128189867269 0.349635959633836 0.0520706712559834
0  0.669298203436571 0.0158708290550438   1.30423019793216 -0.133527512891605 0.929098181899457 0.343446603486963 0.03148654070194
0  0.678250407553456 0.0230052221810333   1.28821905597349 -0.132240499981065 0.930975925165845 0.340251863321626 0.00499464037930107
0  0.687945455727631 0.0298890038454734   1.27461113069013 -0.129121754794043 0.931337210041939 0.339860296734889 -0.0208219195435458
0  0.698375248590265 0.0357934329779558    1.2594464716273 -0.138149254500532 0.930212949957642 0.337609505758878 -0.040478053724143
0  0.705311287458247 0.0401079931205716   1.24466357121678 -0.150542199004952 0.926159287323763 0.340732939145726 -0.0588819582198745
0  0.715662669177269 0.0469621246586492   1.22968858878779 -0.141035620062827 0.922874540900463 0.349219266903987 -0.0803581934484293
0   0.72122399576003 0.0513387410166475   1.21466794572592 -0.127223472450079 0.922491670224106 0.348033427454288 -0.108148230680411
0  0.725015841603787 0.0561364140495527   1.19919700476554 -0.124137202892975 0.919133219633885 0.351882809969291 -0.126343054702159
0 0.726294989351037 0.061127628755123     1.18327487156 -0.117794028460642 0.917845100896248 0.347698735943989 -0.150965316025643
0 0.725895762456419 0.066667486283212  1.16751847038955 -0.10958696797187 0.916045770745419 0.344174748846453 -0.174340427344447
0  0.724451680500412 0.0725198466183961   1.15118204886303 -0.106066686470924 0.913354265706755 0.342447002640623 -0.193038580907564
0  0.718845133703875 0.0759281305347758   1.13376199209589 -0.111245336578691 0.908264851999007 0.342200281927214 -0.213490985199965
0  0.718527370211002 0.0802110299102583   1.11628783855472 -0.110707388765854 0.902916924722378 0.344676710889095 -0.231695632443094
0  0.714672859397075 0.0824851358260439   1.09878781528233 -0.102827213352946 0.899224172439053 0.342189540838243 -0.252445578365476
0  0.710026846357541 0.0820155164821718   1.08264837509147 -0.0986389822518778 0.895050532197068 0.340266739884082 -0.270875325053277
0  0.705248559590614 0.0841237400687985   1.06622600762266 -0.0908381635082507 0.889859306556811 0.340723726024686 -0.289492979376937
0  0.698655628454681 0.0854958916968849   1.05030730079503 -0.0780132808975715 0.889145350062665 0.330509117886157 -0.306754294932691
0  0.690321630234001 0.0880428948766367   1.03533926463658 -0.070768019662985 0.882697762544916 0.32401482730644 -0.332942846561923
0  0.675245674139556 0.0929848314835945   1.02099731674593 -0.0699485170302717 0.873883655581753 0.31964386071474 -0.359530754984485
0  0.671286527449259 0.0940531159914686   1.00431727567776 -0.068603793618188 0.864782342940975 0.314639102224596 -0.385288533686135
0  0.661769170903912 0.0962329967857173  0.990483690475225 -0.0651751757516121 0.852176478390382 0.315952773935408 -0.411972439352967
0   0.65082932740769 0.0983296223460632  0.978353101900453 -0.050577007283444 0.837052164875829 0.31250185721864 -0.446237861286824
0  0.64058753536206 0.097668887151501 0.967292707224004 -0.0388110218521714 0.832133215988657 0.305072963799854 -0.461495939515764
0  0.629569915371151 0.0987381818254091  0.956180265867653 -0.0329972481176768 0.826039525017779 0.304191822479218 -0.47332570167046
0 0.617399823641433 0.101777802714371 0.944795885664791 -0.0308743644984607 0.815567323699993 0.310633068240324 -0.487241019460851
0 0.600099885769695 0.108007820588136 0.934623708994964 -0.0231909134974815 0.81009525275612 0.310954875615645 -0.496502697197114
0 0.590161097139247 0.110874932415179 0.921448144860816 -0.0212217458307427 0.804616978979409 0.315075147085161 -0.50286062316631
0 0.574870108481933 0.113258860879979 0.909421768586606 -0.0234368879706022 0.800640310228803 0.31371634984867 -0.509909656465346
0 0.558262944185263 0.113941222201154 0.898745801611257 -0.0226089959309978 0.795357821532106 0.306095602136357 -0.522685614287859
0  0.53860165323402 0.114246788255867 0.891128028315291 -0.0260996944813637 0.785652648939833 0.313650094670748 -0.532627768028324
0 0.519939698060563 0.112813945857047  0.87690914487465 -0.0162430253389376 0.779467108004743 0.313992787244046 -0.541826283254399
0 0.501462025163473  0.11423479975543 0.864226234531407 -0.00867102617389402 0.773397406264262 0.321744192560865 -0.546133628192003
0 0.483151474770402 0.116322434270447 0.849327880565585 -0.00334477977549635 0.771499560544037 0.329306500171869 -0.544366117124465
0 0.455185833518754 0.121118910607268 0.832031308172121 -0.0036438246393387 0.773612430614208 0.329189446773617 -0.541428515940983
0 0.432659135999415 0.121848704374157 0.813135709598818 -0.00718310381525176 0.779438531264081 0.326421493023316 -0.53467091551056
0 0.410020453246254 0.119747755426872 0.795452215104196 -0.0237613872673018 0.781663857457309 0.332218797604148 -0.527321231260934
0 0.382264579841381   0.1185546888645 0.771332465032066 -0.0438878711555033 0.787729203155541 0.339707838111494 -0.512010880731054
0 0.353836565754277 0.110966112818959 0.743750777502898 -0.0621114098746943 0.801833478759291 0.328722158506334 -0.49512320447651
0 0.330039921626976 0.104372916365156 0.721423027541864 -0.0757150808369435 0.818380627567657 0.326199707652933 -0.467026900384725
0  0.30298077058589 0.100920111543688 0.701014665462016 -0.103540576843928 0.833248522139965 0.333041762026811 -0.429021484362343
0   0.28222752920354 0.0954221064040119  0.679623311883924 -0.120535206810414 0.848551159534108 0.3373657709763 -0.389379673514244
0  0.264596390426596 0.0884109829449468  0.658492062707984 -0.133159431117365 0.865296918111853 0.346261845618103 -0.337094265272748
0  0.249220341039832 0.0828880845737311  0.639472628189507 -0.142179436770335 0.876061246644681 0.35751998606674 -0.290656428536985
0  0.230677846369537 0.0830509860988605  0.622649855979033 -0.14661282775865 0.880817999321435 0.370129400727967 -0.256258770629911
0   0.21068560452679 0.0872319751763074  0.604519202306863 -0.156929587825347 0.886855975256443 0.377092807371587 -0.216010643824615
0  0.194281315329544 0.0893426719420267  0.590057171061417 -0.173642374554545 0.890793816219977 0.37400407146722 -0.190933646247202
0 0.176075064516745 0.088793098978706 0.574414856411217 -0.194440488215165 0.894325784813687 0.36688514031837 -0.166642074439805
0  0.158669664509842 0.0861011621575842  0.558411382247665 -0.205786671285776 0.899585538723675 0.352590988708761 -0.155168615131199
0  0.143180477388601 0.0805083236775865  0.541903512086655 -0.224605435859694 0.898929485013711 0.354341838882931 -0.126174642350689
0  0.128873071668319 0.0715822130195854   0.52551822206985 -0.229377637514133 0.907426904725109 0.338209631729097 -0.0978598845038746
0  0.113108647200896 0.0636201443113602  0.511627935658665 -0.218936366676973 0.915059227492282 0.330537351018734 -0.0740171406434502
0 0.0888772269043351 0.0568000810935348  0.491663992728093 -0.209038404514251 0.923690071890976 0.316598672812807 -0.0535245448495375
0 0.0609809746948843 0.0529834829996115  0.472866160474669 -0.196319108528743 0.934709918308388 0.295171865009579 -0.0254901225806048
0 0.0283733461274061 0.0484141708801644  0.454936674040543 -0.196673732028233 0.936974461607212 0.288617456722705 0.00991287551019656
0 -0.000927088396165676    0.0403434729870231     0.439255157253567 -0.200292782234232 0.938475469184173 0.276841600994912 0.0500532025248268
0 -0.0305122660147154  0.0310634157497846   0.424883298496383 -0.21436767276575 0.931094636551888 0.282760567318707 0.0845916084898967
0 -0.0599213316153789  0.0249590882518544   0.406558004342536 -0.205872682730251 0.930831355529983 0.282157389516686 0.107501784212134
0 -0.0915610513908547  0.0205478924757418   0.385622946531955 -0.183805643851635 0.936203852520387 0.265784067563584 0.138190669886314
0   -0.1265016956353 0.0212208669967995  0.362403209603691 -0.187173785321726 0.935567658835645 0.259530738438089 0.149408586215473
0 -0.166811129952597 0.0173573511094764  0.339202686423367 -0.186987240928466 0.935632300565844 0.258287667029482 0.15137850219993
0  -0.205897183914099 0.00922523284771815   0.316911840410949 -0.190373661800251 0.934429154320604 0.261253764726618 0.149487440491215
0  -0.239076621818891 0.00127072127540098   0.294638642411209 -0.17322753274981 0.933514948900618 0.261556281835289 0.173581028655176
0  -0.273072734798895 -0.0059435332863888   0.274240853511936 -0.168412001637769 0.933805693500795 0.255342769221575 0.18559201140167
0  -0.307527356522222 -0.0130144674242516   0.258354743145332 -0.167477344125018 0.932514846109412 0.240544938682141 0.210963346258952
0  -0.339507219725944 -0.0195823312339884   0.247859442366247 -0.183488842048522 0.927666515387915 0.242506083646955 0.216696747705063
0  -0.364012127814245 -0.0317788556430529   0.237700632725709 -0.173265284895467 0.926492792084683 0.225392060068956 0.246553577388553
0  -0.396742331958861 -0.0458833187581937   0.216139506600406 -0.165288608513921 0.931163695833362 0.231878944565667 0.227697172851571
0  -0.423807338106471 -0.0565611772593167   0.190547192278613 -0.165048426298548 0.937380475695149 0.206739747399983 0.226573470659963
0   -0.45037747487296 -0.0601412795121135   0.164805350761693 -0.191025915465959 0.93849095124994 0.194820930265353 0.211633265752146
0  -0.475048704802484 -0.0700312299469732   0.138764281948895 -0.185743420738127 0.939647098405949 0.195660238717296 0.210427619610332
0  -0.467958597446854 -0.0887171486240022   0.149313862147481 -0.153106193698841 0.937181961229209 0.218612192322315 0.224626744546718
0  -0.437741505190198 -0.0777841985424506   0.157614569354066 -0.182056026589908 0.926943777074409 0.239832700669594 0.223855116123917
0  -0.409095835858544 -0.0657287662947034   0.154248586068063 -0.196066314994928 0.922777844366213 0.244190436798453 0.224521893469959
0   -0.38464792080906 -0.0597155438077233    0.14517821462027 -0.184690150834771 0.929753164031454 0.241370553380757 0.207819291979346
0  -0.352974933620802 -0.0562694069454691   0.129160263100825 -0.18493928295444 0.935280078285045 0.234237768518153 0.19021383909446
0  -0.324294036220069 -0.0543928173224746   0.112729623679749 -0.189239961500485 0.935241830723081 0.23608195399198 0.183783203901673
0  -0.299631893720402 -0.0514527944644028  0.0921335113185771 -0.183290208213534 0.940789199619718 0.235050847734366 0.16146665423946
0  -0.274115567683059 -0.0444792686524107  0.0673575503903562 -0.191896898926212 0.943866877208497 0.232305656338587 0.135369791032868
0  -0.252326544368188 -0.0406030663178407  0.0461189360213678 -0.197888543927805 0.947157889229848 0.223550899671335 0.11729046128279
0  -0.232327087642527 -0.0405306094989916  0.0240664450357372 -0.213564634025429 0.950063082141943 0.209970470040081 0.0876509484015017
0   -0.207178050805812  -0.0402692152448519 0.000963343138510299 -0.18986208646212 0.957364124949136 0.208698731645299 0.0620577134147687
0  -0.186488460946146 -0.0414150576166193 -0.0151217019696614 -0.191997566832669 0.960572542783501 0.195914826672127 0.0453288547263649
0  -0.165345539453159 -0.0380400243572522 -0.0300076819552811 -0.196830291224324 0.962244489807559 0.186975003035673 0.019588939005192
0  -0.140682202565611 -0.0291326707370914 -0.0462570566705384 -0.187112113568127 0.964054389693122 0.188621584498028 -0.00317624478660514
0   -0.11735898854532 -0.0220188724856277 -0.0617409986481418 -0.176755357743464 0.965806530084289 0.185724081994252 -0.0384948739823594
0 -0.0934163183709416 -0.0149176636650979 -0.0745179639149428 -0.163400681674626 0.966890862963197 0.183029377079995 -0.0701606974898411
0  -0.0707693078493879 -0.00666194593349879  -0.0836031322241849 -0.155302821042145 0.967012817982974 0.180406782209524 -0.0906677261531663
0 -0.0483956582680459 0.00582545983062004 -0.0884757494460259 -0.157627926412712 0.964146129234901 0.185425079980996 -0.105798005700617
0 -0.0229413687400694    0.01933143699869 -0.0901143936840355 -0.155044215172273 0.963546604913214 0.187948471100599 -0.110519698302069
0 0.00433410283703392  0.0373772427298443 -0.0854884948331445 -0.140798907326169 0.963343808763099 0.201651096018358 -0.107150404983637
0  0.0224322842676824   0.047957251093583 -0.0811462480203653 -0.114557481107858 0.965475247581018 0.208396392341484 -0.106325319137303
0  0.0464029757819499  0.0631073216596391 -0.0737737817208376 -0.0927169112219993 0.965392055645905 0.216254613520543 -0.112497535085469
0  0.0664500182071975  0.0811510208938088 -0.0625510092697139 -0.0827024032011214 0.965421294060895 0.222215422773376 -0.108362093742208
0  0.0851965175558944  0.0987002428568214 -0.0549512150250129 -0.0870800071088372 0.960967105816945 0.236194829745433 -0.114766268133346
0   0.101259538838744    0.11900892237892 -0.0422850541825176 -0.0908077356043456 0.956906029506487 0.2518014880658 -0.112609131318869
0   0.114284081725752   0.139348229755326 -0.0266875683658485 -0.0832499636171502 0.951933427278228 0.272648537494985 -0.112048956219666
0   0.123516508907041   0.163269474270952 0.00174598690432992 -0.0532526455097482 0.945670235443461 0.291768453853693 -0.133203344095962
0  0.126236332810642  0.179665527210163 0.0287632650958919 -0.0645179918468167 0.937733952682106 0.311117957299284 -0.140349846316871
0  0.125610682418326  0.190294344740159 0.0594194120541516 -0.109748644091188 0.92970723408117 0.329265995806897 -0.123221743302788
0  0.119375678380029  0.192976816432054 0.0913638551455247 -0.117537650576153 0.928048668402143 0.33604017975296 -0.109487749842833
0  0.10721949844361 0.187327668262301 0.124609005602263 -0.132691944003253 0.925208610763325 0.341745854341783 -0.0979369470947582
0 0.0947815579604456  0.177201593275837  0.151107252089769 -0.118883664624529 0.930021032822026 0.336419619720436 -0.0880306325164836
0 0.0807187578487679  0.158417094145984  0.163511151566559 -0.128767562783279 0.936157644094473 0.31683960836889 -0.0814889118039378
0 0.0739229300279117  0.146670181265024  0.146261007072599 -0.147255696621517 0.94347445690654 0.29437230365466 -0.0389442655402524
0 0.070897189163451 0.140102342911606 0.130872264351395 -0.141307030586549 0.952591270841363 0.269366512617454 -0.00662387378815895
0 0.0703700085670329  0.135106932869815  0.111762309502828 -0.162441638577884 0.951566307277353 0.257824210408224 0.0407547965036102
0  0.068930956384948  0.133034195232009 0.0921150564875021 -0.162532013931609 0.950695215659847 0.249243627498621 0.0874046081173088
0  0.064717089922946  0.140507872868877 0.0659937472722989 -0.171126220415948 0.94020426192108 0.262707911543777 0.133102651227902
0 0.0653252422102396  0.150465389721688 0.0402412066226334 -0.188283630238721 0.927953586135081 0.267567115843449 0.178491610677896
0 0.0664102878722669  0.155321899380622 0.0193343929385146 -0.180145957627369 0.921230846055999 0.262376085771764 0.223696114942915
0    0.0665599668523519     0.155045523917053 -0.000970514940562828 -0.163796572459935 0.918528801356272 0.242026088757923 0.266268466570734
0  0.0710383599904987    0.15538106955684 -0.0163429394948521 -0.164952347295579 0.898844164628737 0.236589672991846 0.329992753660073
0  0.0749072294928968   0.156748850109315 -0.0306330702230858 -0.164012464692956 0.882125713301122 0.234406486679562 0.374176076681651
0  0.0823875462023006   0.163486023654339 -0.0453751105571509 -0.160133233853644 0.863387502368502 0.24106458505566 0.413288318249375
0 0.0945474680731134  0.177462408695331 -0.059804568429937 -0.158916869277561 0.836810613543932 0.251126900640901 0.459813772622941
0  0.121292782897652  0.202990414953097 -0.102493502876487 -0.143460173144414 0.817346537014104 0.23769914344978 0.504839513465089
0  0.137556680484448   0.21119932151617 -0.125957476055398 -0.150921942091805 0.809359114928304 0.223814401494195 0.521600905062008
0  0.165695932590594   0.22631516788372 -0.160803499980364 -0.157606665730318 0.771755985706956 0.211910755459928 0.578486533260075
0  0.173963659930462  0.238203012238043 -0.175936042413804 -0.167906242187255 0.754757874741905 0.225003227936227 0.592892563427739
